-4 -0.989358
-3.97324 -0.995724
-3.94649 -0.99924
-3.91973 -0.999895
-3.89298 -0.997687
-3.86622 -0.992623
-3.83946 -0.984718
-3.81271 -0.973993
-3.78595 -0.96048
-3.7592 -0.944217
-3.73244 -0.925251
-3.70569 -0.903637
-3.67893 -0.879435
-3.65217 -0.852716
-3.62542 -0.823555
-3.59866 -0.792037
-3.57191 -0.758252
-3.54515 -0.722295
-3.51839 -0.684271
-3.49164 -0.644288
-3.46488 -0.602461
-3.43813 -0.558908
-3.41137 -0.513756
-3.38462 -0.467133
-3.35786 -0.419173
-3.3311 -0.370012
-3.30435 -0.319792
-3.27759 -0.268657
-3.25084 -0.216753
-3.22408 -0.164228
-3.19732 -0.111233
-3.17057 -0.0579194
-3.14381 -0.0044401
-3.11706 0.0490519
-3.0903 0.102403
-3.06355 0.155462
-3.03679 0.208075
-3.01003 0.260093
-2.98328 0.311366
-2.95652 0.361748
-2.92977 0.411094
-2.90301 0.459263
-2.87625 0.506117
-2.8495 0.551523
-2.82274 0.595349
-2.79599 0.637472
-2.76923 0.677769
-2.74247 0.716126
-2.71572 0.752432
-2.68896 0.786585
-2.66221 0.818486
-2.63545 0.848044
-2.6087 0.875173
-2.58194 0.899798
-2.55518 0.921846
-2.52843 0.941256
-2.50167 0.95797
-2.47492 0.971942
-2.44816 0.983132
-2.4214 0.991507
-2.39465 0.997044
-2.36789 0.999726
-2.34114 0.999547
-2.31438 0.996505
-2.28763 0.990611
-2.26087 0.981881
-2.23411 0.97034
-2.20736 0.956022
-2.1806 0.938966
-2.15385 0.919222
-2.12709 0.896846
-2.10033 0.871904
-2.07358 0.844464
-2.04682 0.814608
-2.02007 0.782419
-1.99331 0.747991
-1.96656 0.711421
-1.9398 0.672814
-1.91304 0.632281
-1.88629 0.589938
-1.85953 0.545907
-1.83278 0.500312
-1.80602 0.453285
-1.77926 0.404961
-1.75251 0.355477
-1.72575 0.304975
-1.699 0.253601
-1.67224 0.2015
-1.64548 0.148822
-1.61873 0.0957188
-1.59197 0.0423412
-1.56522 -0.0111576
-1.53846 -0.0646245
-1.51171 -0.117906
-1.48495 -0.170851
-1.45819 -0.223306
-1.43144 -0.275122
-1.40468 -0.32615
-1.37793 -0.376245
-1.35117 -0.425262
-1.32441 -0.473062
-1.29766 -0.519508
-1.2709 -0.564466
-1.24415 -0.607809
-1.21739 -0.649411
-1.19064 -0.689155
-1.16388 -0.726925
-1.13712 -0.762614
-1.11037 -0.79612
-1.08361 -0.827347
-1.05686 -0.856206
-1.0301 -0.882613
-1.00334 -0.906494
-0.976589 -0.927779
-0.949833 -0.946408
-0.923077 -0.962328
-0.896321 -0.975493
-0.869565 -0.985865
-0.842809 -0.993415
-0.816054 -0.998121
-0.789298 -0.99997
-0.762542 -0.998955
-0.735786 -0.995081
-0.70903 -0.988358
-0.682274 -0.978806
-0.655518 -0.966452
-0.628763 -0.951331
-0.602007 -0.933486
-0.575251 -0.912969
-0.548495 -0.889838
-0.521739 -0.86416
-0.494983 -0.836008
-0.468227 -0.805462
-0.441472 -0.772611
-0.414716 -0.737548
-0.38796 -0.700373
-0.361204 -0.661193
-0.334448 -0.620121
-0.307692 -0.577273
-0.280936 -0.532772
-0.254181 -0.486746
-0.227425 -0.439327
-0.200669 -0.39065
-0.173913 -0.340855
-0.147157 -0.290084
-0.120401 -0.238482
-0.0936455 -0.186198
-0.0668896 -0.133381
-0.0401338 -0.0801814
-0.0133779 -0.0267527
0.0133779 0.0267527
0.0401338 0.0801814
0.0668896 0.133381
0.0936455 0.186198
0.120401 0.238482
0.147157 0.290084
0.173913 0.340855
0.200669 0.39065
0.227425 0.439327
0.254181 0.486746
0.280936 0.532772
0.307692 0.577273
0.334448 0.620121
0.361204 0.661193
0.38796 0.700373
0.414716 0.737548
0.441472 0.772611
0.468227 0.805462
0.494983 0.836008
0.521739 0.86416
0.548495 0.889838
0.575251 0.912969
0.602007 0.933486
0.628763 0.951331
0.655518 0.966452
0.682274 0.978806
0.70903 0.988358
0.735786 0.995081
0.762542 0.998955
0.789298 0.99997
0.816054 0.998121
0.842809 0.993415
0.869565 0.985865
0.896321 0.975493
0.923077 0.962328
0.949833 0.946408
0.976589 0.927779
1.00334 0.906494
1.0301 0.882613
1.05686 0.856206
1.08361 0.827347
1.11037 0.79612
1.13712 0.762614
1.16388 0.726925
1.19064 0.689155
1.21739 0.649411
1.24415 0.607809
1.2709 0.564466
1.29766 0.519508
1.32441 0.473062
1.35117 0.425262
1.37793 0.376245
1.40468 0.32615
1.43144 0.275122
1.45819 0.223306
1.48495 0.170851
1.51171 0.117906
1.53846 0.0646245
1.56522 0.0111576
1.59197 -0.0423412
1.61873 -0.0957188
1.64548 -0.148822
1.67224 -0.2015
1.699 -0.253601
1.72575 -0.304975
1.75251 -0.355477
1.77926 -0.404961
1.80602 -0.453285
1.83278 -0.500312
1.85953 -0.545907
1.88629 -0.589938
1.91304 -0.632281
1.9398 -0.672814
1.96656 -0.711421
1.99331 -0.747991
2.02007 -0.782419
2.04682 -0.814608
2.07358 -0.844464
2.10033 -0.871904
2.12709 -0.896846
2.15385 -0.919222
2.1806 -0.938966
2.20736 -0.956022
2.23411 -0.97034
2.26087 -0.981881
2.28763 -0.990611
2.31438 -0.996505
2.34114 -0.999547
2.36789 -0.999726
2.39465 -0.997044
2.4214 -0.991507
2.44816 -0.983132
2.47492 -0.971942
2.50167 -0.95797
2.52843 -0.941256
2.55518 -0.921846
2.58194 -0.899798
2.6087 -0.875173
2.63545 -0.848044
2.66221 -0.818486
2.68896 -0.786585
2.71572 -0.752432
2.74247 -0.716126
2.76923 -0.677769
2.79599 -0.637472
2.82274 -0.595349
2.8495 -0.551523
2.87625 -0.506117
2.90301 -0.459263
2.92977 -0.411094
2.95652 -0.361748
2.98328 -0.311366
3.01003 -0.260093
3.03679 -0.208075
3.06355 -0.155462
3.0903 -0.102403
3.11706 -0.0490519
3.14381 0.0044401
3.17057 0.0579194
3.19732 0.111233
3.22408 0.164228
3.25084 0.216753
3.27759 0.268657
3.30435 0.319792
3.3311 0.370012
3.35786 0.419173
3.38462 0.467133
3.41137 0.513756
3.43813 0.558908
3.46488 0.602461
3.49164 0.644288
3.51839 0.684271
3.54515 0.722295
3.57191 0.758252
3.59866 0.792037
3.62542 0.823555
3.65217 0.852716
3.67893 0.879435
3.70569 0.903637
3.73244 0.925251
3.7592 0.944217
3.78595 0.96048
3.81271 0.973993
3.83946 0.984718
3.86622 0.992623
3.89298 0.997687
3.91973 0.999895
3.94649 0.99924
3.97324 0.995724
4 0.989358
