-3 -10.0179
-2.97993 -9.81785
-2.95987 -9.62178
-2.9398 -9.42959
-2.91973 -9.24119
-2.89967 -9.05651
-2.8796 -8.87548
-2.85953 -8.69803
-2.83946 -8.52408
-2.8194 -8.35356
-2.79933 -8.1864
-2.77926 -8.02254
-2.7592 -7.86191
-2.73913 -7.70445
-2.71906 -7.55009
-2.699 -7.39877
-2.67893 -7.25043
-2.65886 -7.10501
-2.6388 -6.96245
-2.61873 -6.82269
-2.59866 -6.68568
-2.5786 -6.55137
-2.55853 -6.41969
-2.53846 -6.2906
-2.51839 -6.16404
-2.49833 -6.03996
-2.47826 -5.91831
-2.45819 -5.79905
-2.43813 -5.68212
-2.41806 -5.56749
-2.39799 -5.45509
-2.37793 -5.34489
-2.35786 -5.23684
-2.33779 -5.1309
-2.31773 -5.02703
-2.29766 -4.92518
-2.27759 -4.82532
-2.25753 -4.7274
-2.23746 -4.63138
-2.21739 -4.53723
-2.19732 -4.4449
-2.17726 -4.35436
-2.15719 -4.26558
-2.13712 -4.17852
-2.11706 -4.09313
-2.09699 -4.0094
-2.07692 -3.92728
-2.05686 -3.84674
-2.03679 -3.76775
-2.01672 -3.69028
-1.99666 -3.6143
-1.97659 -3.53977
-1.95652 -3.46666
-1.93645 -3.39496
-1.91639 -3.32461
-1.89632 -3.25561
-1.87625 -3.18792
-1.85619 -3.12151
-1.83612 -3.05636
-1.81605 -2.99244
-1.79599 -2.92973
-1.77592 -2.86819
-1.75585 -2.80781
-1.73579 -2.74856
-1.71572 -2.69042
-1.69565 -2.63336
-1.67559 -2.57736
-1.65552 -2.5224
-1.63545 -2.46846
-1.61538 -2.4155
-1.59532 -2.36353
-1.57525 -2.3125
-1.55518 -2.2624
-1.53512 -2.21322
-1.51505 -2.16493
-1.49498 -2.1175
-1.47492 -2.07094
-1.45485 -2.0252
-1.43478 -1.98028
-1.41472 -1.93616
-1.39465 -1.89282
-1.37458 -1.85024
-1.35452 -1.8084
-1.33445 -1.7673
-1.31438 -1.7269
-1.29431 -1.6872
-1.27425 -1.64818
-1.25418 -1.60983
-1.23411 -1.57212
-1.21405 -1.53505
-1.19398 -1.49859
-1.17391 -1.46274
-1.15385 -1.42747
-1.13378 -1.39278
-1.11371 -1.35865
-1.09365 -1.32507
-1.07358 -1.29202
-1.05351 -1.2595
-1.03344 -1.22748
-1.01338 -1.19595
-0.993311 -1.16491
-0.973244 -1.13433
-0.953177 -1.10421
-0.93311 -1.07454
-0.913043 -1.0453
-0.892977 -1.01648
-0.87291 -0.988066
-0.852843 -0.960053
-0.832776 -0.932427
-0.812709 -0.905176
-0.792642 -0.878289
-0.772575 -0.851757
-0.752508 -0.825567
-0.732441 -0.79971
-0.712375 -0.774174
-0.692308 -0.748951
-0.672241 -0.724029
-0.652174 -0.699399
-0.632107 -0.67505
-0.61204 -0.650973
-0.591973 -0.627159
-0.571906 -0.603596
-0.551839 -0.580277
-0.531773 -0.557192
-0.511706 -0.534331
-0.491639 -0.511685
-0.471572 -0.489245
-0.451505 -0.467003
-0.431438 -0.444948
-0.411371 -0.423072
-0.391304 -0.401367
-0.371237 -0.379824
-0.351171 -0.358433
-0.331104 -0.337187
-0.311037 -0.316076
-0.29097 -0.295093
-0.270903 -0.274229
-0.250836 -0.253475
-0.230769 -0.232823
-0.210702 -0.212265
-0.190635 -0.191792
-0.170569 -0.171397
-0.150502 -0.15107
-0.130435 -0.130805
-0.110368 -0.110592
-0.090301 -0.0904238
-0.0702341 -0.0702919
-0.0501672 -0.0501883
-0.0301003 -0.0301049
-0.0100334 -0.0100336
0.0100334 0.0100336
0.0301003 0.0301049
0.0501672 0.0501883
0.0702341 0.0702919
0.090301 0.0904238
0.110368 0.110592
0.130435 0.130805
0.150502 0.15107
0.170569 0.171397
0.190635 0.191792
0.210702 0.212265
0.230769 0.232823
0.250836 0.253475
0.270903 0.274229
0.29097 0.295093
0.311037 0.316076
0.331104 0.337187
0.351171 0.358433
0.371237 0.379824
0.391304 0.401367
0.411371 0.423072
0.431438 0.444948
0.451505 0.467003
0.471572 0.489245
0.491639 0.511685
0.511706 0.534331
0.531773 0.557192
0.551839 0.580277
0.571906 0.603596
0.591973 0.627159
0.61204 0.650973
0.632107 0.67505
0.652174 0.699399
0.672241 0.724029
0.692308 0.748951
0.712375 0.774174
0.732441 0.79971
0.752508 0.825567
0.772575 0.851757
0.792642 0.878289
0.812709 0.905176
0.832776 0.932427
0.852843 0.960053
0.87291 0.988066
0.892977 1.01648
0.913043 1.0453
0.93311 1.07454
0.953177 1.10421
0.973244 1.13433
0.993311 1.16491
1.01338 1.19595
1.03344 1.22748
1.05351 1.2595
1.07358 1.29202
1.09365 1.32507
1.11371 1.35865
1.13378 1.39278
1.15385 1.42747
1.17391 1.46274
1.19398 1.49859
1.21405 1.53505
1.23411 1.57212
1.25418 1.60983
1.27425 1.64818
1.29431 1.6872
1.31438 1.7269
1.33445 1.7673
1.35452 1.8084
1.37458 1.85024
1.39465 1.89282
1.41472 1.93616
1.43478 1.98028
1.45485 2.0252
1.47492 2.07094
1.49498 2.1175
1.51505 2.16493
1.53512 2.21322
1.55518 2.2624
1.57525 2.3125
1.59532 2.36353
1.61538 2.4155
1.63545 2.46846
1.65552 2.5224
1.67559 2.57736
1.69565 2.63336
1.71572 2.69042
1.73579 2.74856
1.75585 2.80781
1.77592 2.86819
1.79599 2.92973
1.81605 2.99244
1.83612 3.05636
1.85619 3.12151
1.87625 3.18792
1.89632 3.25561
1.91639 3.32461
1.93645 3.39496
1.95652 3.46666
1.97659 3.53977
1.99666 3.6143
2.01672 3.69028
2.03679 3.76775
2.05686 3.84674
2.07692 3.92728
2.09699 4.0094
2.11706 4.09313
2.13712 4.17852
2.15719 4.26558
2.17726 4.35436
2.19732 4.4449
2.21739 4.53723
2.23746 4.63138
2.25753 4.7274
2.27759 4.82532
2.29766 4.92518
2.31773 5.02703
2.33779 5.1309
2.35786 5.23684
2.37793 5.34489
2.39799 5.45509
2.41806 5.56749
2.43813 5.68212
2.45819 5.79905
2.47826 5.91831
2.49833 6.03996
2.51839 6.16404
2.53846 6.2906
2.55853 6.41969
2.5786 6.55137
2.59866 6.68568
2.61873 6.82269
2.6388 6.96245
2.65886 7.10501
2.67893 7.25043
2.699 7.39877
2.71906 7.55009
2.73913 7.70445
2.7592 7.86191
2.77926 8.02254
2.79933 8.1864
2.8194 8.35356
2.83946 8.52408
2.85953 8.69803
2.8796 8.87548
2.89967 9.05651
2.91973 9.24119
2.9398 9.42959
2.95987 9.62178
2.97993 9.81785
3 10.0179
