1 0.909297
1.02347 0.888772
1.04693 0.866288
1.0704 0.841897
1.09387 0.815651
1.11734 0.787609
1.1408 0.757833
1.16427 0.726387
1.18774 0.693341
1.21121 0.658768
1.23467 0.622745
1.25814 0.58535
1.28161 0.546665
1.30508 0.506777
1.32854 0.465772
1.35201 0.423742
1.37548 0.380778
1.39894 0.336976
1.42241 0.292432
1.44588 0.247243
1.46935 0.20151
1.49281 0.155333
1.51628 0.108814
1.53975 0.0620553
1.56322 0.0151599
1.58668 -0.0317688
1.61015 -0.0786276
1.63362 -0.125313
1.65709 -0.171723
1.68055 -0.217754
1.70402 -0.263306
1.72749 -0.308278
1.75095 -0.352571
1.77442 -0.396087
1.79789 -0.438731
1.82136 -0.480409
1.84482 -0.521029
1.86829 -0.560501
1.89176 -0.598738
1.91523 -0.635657
1.93869 -0.671176
1.96216 -0.705217
1.98563 -0.737704
2.0091 -0.768567
2.03256 -0.797737
2.05603 -0.82515
2.0795 -0.850746
2.10296 -0.874468
2.12643 -0.896263
2.1499 -0.916085
2.17337 -0.93389
2.19683 -0.949637
2.2203 -0.963293
2.24377 -0.974827
2.26724 -0.984215
2.2907 -0.991434
2.31417 -0.99647
2.33764 -0.999311
2.36111 -0.999952
2.38457 -0.99839
2.40804 -0.994629
2.43151 -0.988677
2.45497 -0.980548
2.47844 -0.97026
2.50191 -0.957834
2.52538 -0.943299
2.54884 -0.926686
2.57231 -0.908032
2.59578 -0.887378
2.61925 -0.86477
2.64271 -0.840258
2.66618 -0.813894
2.68965 -0.785738
2.71312 -0.755852
2.73658 -0.724301
2.76005 -0.691154
2.78352 -0.656485
2.80698 -0.620371
2.83045 -0.58289
2.85392 -0.544125
2.87739 -0.504162
2.90085 -0.463089
2.92432 -0.420995
2.94779 -0.377974
2.97126 -0.334121
2.99472 -0.289532
3.01819 -0.244305
3.04166 -0.198541
3.06513 -0.152339
3.08859 -0.105801
3.11206 -0.0590304
3.13553 -0.0121297
3.15899 0.0347976
3.18246 0.0816483
3.20593 0.128319
3.2294 0.174707
3.25286 0.220711
3.27633 0.266228
3.2998 0.311159
3.32327 0.355405
3.34673 0.398868
3.3702 0.441452
3.39367 0.483065
3.41714 0.523613
3.4406 0.563008
3.46407 0.601163
3.48754 0.637994
3.51101 0.67342
3.53447 0.707362
3.55794 0.739747
3.58141 0.770502
3.60487 0.799561
3.62834 0.826858
3.65181 0.852334
3.67528 0.875934
3.69874 0.897603
3.72221 0.917296
3.74568 0.934969
3.76915 0.950582
3.79261 0.964102
3.81608 0.975498
3.83955 0.984746
3.86302 0.991825
3.88648 0.99672
3.90995 0.999419
3.93342 0.999917
3.95688 0.998213
3.98035 0.994311
4.00382 0.988218
4.02729 0.979949
4.05075 0.969522
4.07422 0.956959
4.09769 0.942288
4.12116 0.925543
4.14462 0.906759
4.16809 0.885977
4.19156 0.863245
4.21503 0.838611
4.23849 0.81213
4.26196 0.78386
4.28543 0.753864
4.30889 0.722208
4.33236 0.688961
4.35583 0.654196
4.3793 0.617991
4.40276 0.580425
4.42623 0.54158
4.4497 0.501543
4.47317 0.4604
4.49663 0.418244
4.5201 0.375167
4.54357 0.331263
4.56704 0.28663
4.5905 0.241366
4.61397 0.19557
4.63744 0.149343
4.6609 0.102787
4.68437 0.0560049
4.70784 0.00909944
4.73131 -0.0378261
4.75477 -0.0846683
4.77824 -0.131324
4.80171 -0.177691
4.82518 -0.223666
4.84864 -0.269148
4.87211 -0.314038
4.89558 -0.358236
4.91905 -0.401645
4.94251 -0.44417
4.96598 -0.485716
4.98945 -0.526192
5.01291 -0.56551
5.03638 -0.603582
5.05985 -0.640324
5.08332 -0.675657
5.10678 -0.709501
5.13025 -0.741783
5.15372 -0.77243
5.17719 -0.801377
5.20065 -0.828559
5.22412 -0.853915
5.24759 -0.877391
5.27106 -0.898935
5.29452 -0.918499
5.31799 -0.93604
5.34146 -0.951519
5.36492 -0.964902
5.38839 -0.976161
5.41186 -0.985269
5.43533 -0.992208
5.45879 -0.996961
5.48226 -0.999518
5.50573 -0.999874
5.5292 -0.998028
5.55266 -0.993983
5.57613 -0.98775
5.5996 -0.979341
5.62307 -0.968775
5.64653 -0.956075
5.67 -0.94127
